2007  12  01  00     30            -22.956     -43.167       6.000
2007  12  01  00     30            -22.986     -43.246       7.000
2007  12  01  00     30            -22.932     -43.222       7.000
2007  12  01  00     30            -22.986     -43.189       6.000
2007  12  01  00     30            -22.924     -43.268       7.000
2007  12  01  00     30            -22.817     -43.210       7.000
2007  12  01  00     30            -22.844     -43.274       7.000
2007  12  01  00     30            -22.872     -43.339       4.000
2007  12  01  00     30            -22.821     -43.337       5.000
2007  12  01  00     30            -22.886     -43.465      11.000
2007  12  01  00     30            -22.891     -43.309       5.000
2007  12  01  00     30            -22.910     -43.366       6.000
2007  12  01  00     30            -22.897     -43.194       6.000
2007  12  01  00     30            -22.972     -43.223       7.000
2007  12  01  00     30            -22.998     -43.302       7.000
2007  12  01  00     30            -22.945     -43.362       7.000
2007  12  01  00     30            -22.975     -43.412       5.000
2007  12  01  00     30            -23.052     -43.578      26.000
2007  12  01  00     30            -22.866     -43.583      23.000
2007  12  01  00     30            -22.912     -43.684      34.000
2007  12  01  00     30            -22.890     -43.278       8.000
2007  12  01  00     30            -22.827     -43.403       3.000
2007  12  01  00     30            -23.014     -43.519      14.000
2007  12  01  00     30            -22.903     -43.562      25.000
2007  12  01  00     30            -22.968     -43.712      36.000
2007  12  01  00     30            -22.951     -43.236       7.000
2007  12  01  00     30            -22.824     -43.523      13.000
2007  12  01  00     30            -23.009     -43.425      14.000
2007  12  01  00     30            -22.938     -43.187       8.000
2007  12  01  00     30              0.000       0.000       0.000
