2007 12 01 00 station002 -22.992200 -43.232800 7
2007 12 01 00 station003 -22.955600 -43.166700 6
2007 12 01 00 station004 -22.985600 -43.245600 7
2007 12 01 00 station005 -22.931700 -43.221700 7
2007 12 01 00 station007 -22.985800 -43.188600 6
2007 12 01 00 station008 -22.923600 -43.267800 7
2007 12 01 00 station009 -22.817500 -43.210000 7
2007 12 01 00 station010 -22.843600 -43.274400 7
2007 12 01 00 station011 -22.872200 -43.338900 4
2007 12 01 00 station012 -22.821400 -43.336700 5
2007 12 01 00 station013 -22.886100 -43.465300 11
2007 12 01 00 station014 -22.891100 -43.308600 5
2007 12 01 00 station015 -22.910300 -43.366400 6
2007 12 01 00 station016 -22.897200 -43.194200 6
2007 12 01 00 station017 -22.972200 -43.223300 7
2007 12 01 00 station018 -22.998300 -43.302200 7
2007 12 01 00 station019 -22.945000 -43.362200 7
2007 12 01 00 station020 -22.975000 -43.411700 5
2007 12 01 00 station021 -23.052200 -43.577800 26
2007 12 01 00 station022 -22.866100 -43.583300 23
2007 12 01 00 station023 -22.912200 -43.684400 34
2007 12 01 00 station024 -22.889700 -43.278100 8
2007 12 01 00 station025 -22.826700 -43.403100 3
2007 12 01 00 station026 -23.014400 -43.518900 14
2007 12 01 00 station027 -22.903300 -43.561700 25
2007 12 01 00 station028 -22.968300 -43.711700 36
2007 12 01 00 station029 -22.950800 -43.235800 7
2007 12 01 00 station030 -22.823600 -43.523300 13
2007 12 01 00 station031 -23.009200 -43.424700 14
2007 12 01 00 station032 -22.937500 -43.187200 8
